38.299
56.2098
33.7461
105.125
111.245
225.097
41.2823
37.8292
33.8282
84.1772
249.905
819.366
44.8717
24.7008
43.5375
90.9027
473.061
341.699
168.13
81.835
36.1617
217.055
79.1202
30.6144
70.8486
304.305
209.819
129.961
819.366
209.819
29.0617
44.291
198.726
83.7357
35.6214
35.0387
44.5039
341.7
43.0386
33.6181
127.575
168.131
74.5663
249.904
45.1915
39.7963
78.7528
309.691
55.2766
43.1564
72.4942
48.6227
35.988
33.6649
176.709
236.531
41.4248
327.747
77.0811
304.305
285.267
26.5116
34.1534
64.5781
494.097
43.9715
88.0996
89.0051
124.954
31.832
44.9385
106.674
63.122
36.072
57.1576
349.379
38.1432
40.1882
27.8922
33.8909
57.3348
25.8076
315.374
28.7713
36.9926
28.7037
86.2499
23.2928
29.0091
88.3555
946.124
1638.73
180.968
28.6831
34.7595
42.7583
42.8758
98.8195
341.7
86.371
37.9284
28.5084
48.7301
183.218
48.9684
33.924
32.648
36.8398
37.7473
33.4547
29.7263
34.2331
26.2595
30.6301
35.0928
32.6272
37.7363
33.0824
50.6944
44.0831
53.3381
53.9996
61.3725
84.8512
84.1773
116.167
145.99
135.623
154.846
127.19
133.358
138.498
116.755
123.877
669.01
141.04
1158.76
619.383
579.38
946.124
669.01
946.124
225.098
946.124
1638.73
136.091
126.057
386.254
1638.74
1638.74
59.1339
78.3025
165.538
110.234
946.125
1638.74
1158.76
732.865
76.3245
946.125
1158.76
218.986
134.252
494.098
1158.76
423.12
819.369
946.126
518.214
101.631
154.16
518.215
1638.74
1158.76
946.126
1158.76
85.3097
79.4908
80.25
14.7385
437.972
123.878
95.25
68.7601
74.7204
49.8427
53.2241
39.7464
69.0659
819.371
52.4016
83.4104
62.8445
34.5587
30.3579
59.1733
61.9848
52.6464
43.6446
31.6139
409.687
71.3175
60.7364
99.0007
34.5158
46.2618
60.4081
54.2376
62.0747
334.508
213.347
142.635
183.218
149.597
130.372
121.807
99.547
117.655
94.2997
75.3502
52.4843
35.4781
120.484
113.628
63.2649
39.8334
67.5835
43.3411
49.1478
45.9366
473.068
473.068
152.815
96.231
93.989
110.485
93.835
77.0809
182.084
819.377
1638.75
94.2997
129.555
273.126
98.6415
54.266
75.3523
12.5426
53.7684
30.0913
74.0345
138.999
36.0772
1638.76
1158.78
732.875
946.137
120.811
60.1607
90.0742
110.235
84.6266
101.633
75.3527
114.458
31.6079
1158.78
137.522
161.472
156.25
518.221
265.842
77.2518
66.0811
77.772
105.562
66.4604
106.002
91.8971
81.3303
94.3003
101.632
69.4378
71.5915
114.179
63.6484
195.869
85.4263
79.0281
87.0992
98.1101
134.253
82.5599
139.501
32.8465
357.607
72.6369
96.3978
946.14
103.232
124.234
1638.76
141.567
162.262
130.787
177.749
241.622
190.502
150.226
160.694
38.8704
190.503
215.18
116.758
732.878
294.331
437.978
423.127
454.511
294.331
127.967
299.196
546.255
732.878
397.459
819.382
122.146
115.59
1638.76
386.26
819.382
669.023
99.5479
79.1211
150.861
163.876
105.562
145.417
73.2148
148.367
66.5168
106.45
114.457
231.756
130.788
117.355
120.485
37.4337
68.3446
93.9922
236.537
71.8691
220.973
102.625
63.0786
56.9188
93.683
89.8047
76.8272
178.805
51.7747
241.624
45.9533
90.6257
40.7949
70.589
29.6214
62.9389
437.979
213.35
174.695
149.6
98.1125
131.208
124.957
56.0477
255.933
84.6273
123.178
60.4905
175.694
197.286
217.061
294.332
78.485
183.22
92.3358
60.1641
109.252
197.285
259.113
269.413
209.824
67.4682
218.99
249.91
70.0071
87.3494
103.03
409.693
148.369
518.225
124.958
186.757
341.707
397.461
138.503
259.113
1638.77
179.879
106.227
255.934
334.513
140.525
334.513
281.048
82.9844
386.263
473.073
423.13
619.398
299.198
108.769
349.388
277.005
223.009
309.7
277.004
579.394
341.709
546.258
375.962
819.388
397.462
1638.78
397.462
117.056
1638.78
473.075
155.547
145.994
247.056
190.505
1638.78
946.148
518.228
225.104
386.264
454.516
1638.78
1638.78
1638.78
159.173
125.69
197.287
211.567
285.276
732.884
220.974
186.757
37.3638
1158.79
68.5839
437.983
732.884
366.442
304.315
819.389
619.401
669.029
386.264
375.963
281.049
518.228
732.885
454.516
619.401
409.695
579.396
1158.79
218.992
327.757
518.229
819.391
1158.79
819.391
1158.79
409.696
269.415
1158.79
437.983
619.402
619.402
437.983
1638.78
1158.79
1158.79
946.152
304.315
231.759
819.391
437.983
187.982
454.517
494.112
154.851
150.864
619.402
1638.78
1158.79
1638.78
946.152
1158.79
1158.79
93.5306
89.4033
200.21
1638.78
115.304
136.094
86.6147
71.3897
107.826
1638.78
669.031
74.8014
732.887
946.153
473.077
1638.78
1638.78
1638.78
357.613
423.132
1638.78
946.153
619.402
366.443
494.113
669.032
1158.8
819.393
819.393
1638.79
518.23
546.263
1158.8
1638.79
732.889
619.404
946.155
1158.8
819.395
1638.79
1638.79
1158.8
1638.79
1638.79
1158.8
819.395
1158.8
946.156
546.264
546.264
494.114
1638.79
518.231
386.267
494.114
1158.8
159.175
114.459
1638.79
1638.79
1638.79
69.6262
93.5312
139.001
70.7881
1158.8
40.3147
54.2401
49.4151
946.158
946.158
194.489
183.224
56.5475
130.792
169.03
397.467
1638.8
289.701
1638.8
1638.8
1638.8
1638.8
1638.8
546.265
144.851
1638.8
211.568
1638.8
946.159
819.398
946.159
1158.8
